2 4 2 2 32
RADOBJ
DISTOBJ
MotL
MotR
-0.21035762356495047
-0.6687320354726232
0.9121917226452101
-0.27344989891814486
0.878280920587682
0.6493054472444126
0.5177116201703327
0.7061679103396348
0.8128571904005077
-0.1929782156552824
-0.7217064177326167
0.8936124596465973
-0.061027636417654296
0.9694648199588884
-0.019699934318037737
0.9481266572305562
0.9226710894024168
0.35794231139166466
-0.864099874799471
-0.9345912852254965
0.5638156864980246
0.26700412585860467
0.6154677743735666
0.6937835335411213
-0.23233477811677816
0.6978357056479545
-0.9841477595617514
0.349969913931792
0.9398574746637136
0.3600765083216957
-0.11774238206127907
0.3030597860790376
