2 4 2 2 32
RADOBJ
DISTOBJ
MotL
MotR
0.7404516422857823
-0.37264583143412167
0.002942403428458862
0.8690586900969703
-0.016495668024484378
-0.12707082540684078
0.6583110352504794
0.5446795835290725
-0.4650526425352872
-0.665844224455834
0.4428292544562893
0.8056632854365607
0.4444889456144452
-0.44051682714099694
0.5639731327598216
0.8270055161983649
-0.07011098532873072
0.5859106935817273
0.2535511575242544
0.38845818779559704
-0.9119729197927412
-0.038848979038743306
0.9472556539414329
-0.6427750762233311
-0.7383704365721326
0.39259836284733496
0.16642552164431135
-0.7177804569111753
0.5750988294211885
0.8773032340388286
-0.8508488182045273
-0.8142509121889878
